"#"	"t"	"nrw-04May2018-OneLshape-ThreeXPoints X"	"nrw-04May2018-OneLshape-ThreeXPoints Y"	"nrw-04May2018-OneLshape-ThreeXPoints Z"	"nrw-04May2018-OneLshape-ThreeXPoints X(deg)"	"nrw-04May2018-OneLshape-ThreeXPoints Y(deg)"	"nrw-04May2018-OneLshape-ThreeXPoints Z(deg)"	"nrw-04May2018-OneLshape-ThreeXPoints tip X"	"nrw-04May2018-OneLshape-ThreeXPoints tip Y"	"nrw-04May2018-OneLshape-ThreeXPoints tip Z"	"nrw-04May2018-OneLshape-ThreeXPoints R11"	"nrw-04May2018-OneLshape-ThreeXPoints R12"	"nrw-04May2018-OneLshape-ThreeXPoints R13"	"nrw-04May2018-OneLshape-ThreeXPoints R21"	"nrw-04May2018-OneLshape-ThreeXPoints R22"	"nrw-04May2018-OneLshape-ThreeXPoints R23"	"nrw-04May2018-OneLshape-ThreeXPoints R31"	"nrw-04May2018-OneLshape-ThreeXPoints R32"	"nrw-04May2018-OneLshape-ThreeXPoints R33"	Hazard?	"nrw-04May2018-OneLshape-ThreeXPoints V1B X"	"nrw-04May2018-OneLshape-ThreeXPoints V1B Y"	"nrw-04May2018-OneLshape-ThreeXPoints V1B Z"	"nrw-04May2018-OneLshape-ThreeXPoints V1H X"	"nrw-04May2018-OneLshape-ThreeXPoints V1H Y"	"nrw-04May2018-OneLshape-ThreeXPoints V1H Z"	"nrw-04May2018-OneLshape-ThreeXPoints V2B X"	"nrw-04May2018-OneLshape-ThreeXPoints V2B Y"	"nrw-04May2018-OneLshape-ThreeXPoints V2B Z"	"nrw-04May2018-OneLshape-ThreeXPoints V2H X"	"nrw-04May2018-OneLshape-ThreeXPoints V2H Y"	"nrw-04May2018-OneLshape-ThreeXPoints V2H Z"	Shutter	Gain	Deg C	Deg C/h	
1	 551.551	018.3574	-024.0559	339.4227	-009.9947	-036.4370	115.8872	018.3574	-024.0559	339.4227	-0.35125	0.72378	0.59394	-0.93101	-0.33724	-0.13963	0.09924	-0.60201	0.79230	0	19.88036	-27.21083	336.83481	16.82301	-20.89700	342.01513	16.82301	-20.89700	342.01513	22.17433	-18.96887	342.80987	15.1203	1.1021	34.50	0.00	
2	 640.232	018.3430	-024.0681	339.4510	-008.7092	-037.2129	115.9700	018.3430	-024.0681	339.4510	-0.34874	0.71598	0.60478	-0.92876	-0.35052	-0.12059	0.12565	-0.60375	0.78721	0	19.87610	-27.20536	336.80014	16.80913	-20.92436	342.10681	16.80913	-20.92436	342.10681	22.15785	-18.96018	342.75952	15.1987	1.1021	34.50	0.00	
3	 640.314	018.3545	-024.0590	339.4502	-009.3085	-036.5092	115.7730	018.3545	-024.0590	339.4502	-0.34948	0.72381	0.59495	-0.93051	-0.34242	-0.13001	0.10962	-0.59904	0.79318	0	19.87790	-27.20980	336.86003	16.83342	-20.89245	342.05194	16.83342	-20.89245	342.05194	22.15719	-18.96138	342.77463	15.1987	1.1021	34.50	0.00	
4	 640.401	018.3393	-024.0688	339.4368	-008.6488	-036.9009	115.7251	018.3393	-024.0688	339.4368	-0.34710	0.72042	0.60043	-0.92983	-0.34778	-0.12025	0.12218	-0.60004	0.79058	0	19.85975	-27.20733	336.81972	16.81804	-20.91166	342.06817	16.81804	-20.91166	342.06817	22.16230	-18.96347	342.72085	15.1987	1.1021	34.50	0.00	
5	 640.485	018.3537	-024.0695	339.4815	-008.7951	-036.9151	115.9380	018.3537	-024.0695	339.4815	-0.34971	0.71899	0.60063	-0.92886	-0.34967	-0.12225	0.12213	-0.60066	0.79012	0	19.88687	-27.20013	336.86464	16.81667	-20.91823	342.11470	16.81667	-20.91823	342.11470	22.16715	-18.96203	342.77480	15.1987	1.1021	34.50	0.00	
6	 640.581	018.3487	-024.0903	339.4580	-008.1233	-036.7925	115.9036	018.3487	-024.0903	339.4580	-0.34984	0.72035	0.59892	-0.92748	-0.35635	-0.11316	0.13191	-0.59507	0.79278	0	19.88675	-27.21060	336.85988	16.80818	-20.93122	342.08555	16.80818	-20.93122	342.08555	22.15519	-18.95858	342.67658	14.8457	1.1021	34.50	0.00	
7	 640.656	018.3540	-024.0734	339.4584	-008.8116	-036.7179	115.8036	018.3540	-024.0734	339.4584	-0.34892	0.72166	0.59788	-0.92953	-0.34770	-0.12279	0.11927	-0.59859	0.79213	0	19.88650	-27.21708	336.85208	16.82047	-20.90779	342.08151	16.82047	-20.90779	342.08151	22.17185	-18.96959	342.74041	14.8457	1.1021	34.50	0.00	
8	 640.756	018.3490	-024.0695	339.4011	-008.8902	-036.7169	115.7920	018.3490	-024.0695	339.4011	-0.34878	0.72174	0.59786	-0.92976	-0.34669	-0.12388	0.11786	-0.59908	0.79197	0	19.87344	-27.20978	336.79885	16.82314	-20.90949	342.01856	16.82314	-20.90949	342.01856	22.16200	-18.96284	342.69659	15.2772	1.1021	34.50	0.00	
9	 640.833	018.3474	-024.0723	339.4747	-008.7359	-037.1184	115.8624	018.3474	-024.0723	339.4747	-0.34783	0.71753	0.60346	-0.92939	-0.34868	-0.12111	0.12352	-0.60298	0.78814	0	19.86945	-27.20980	336.83576	16.81986	-20.92841	342.11937	16.81986	-20.92841	342.11937	22.17214	-18.96161	342.78530	15.0811	1.1021	34.50	0.00	
10	 640.907	018.3512	-024.0486	339.4159	-010.0013	-036.9862	115.9389	018.3512	-024.0486	339.4159	-0.34940	0.71831	0.60162	-0.93130	-0.33681	-0.13872	0.10298	-0.60876	0.78664	0	19.87432	-27.20674	336.77258	16.81399	-20.90502	342.04993	16.81399	-20.90502	342.04993	22.19172	-18.97798	342.83721	15.0811	1.1021	34.50	0.00	

XP - XP	Distance(mm)	STD	95%CI
nrw-04May2018-OneLshape-ThreeXPoints.0.0 - nrw-04May2018-OneLshape-ThreeXPoints.0.1	8.7447	0.0178	0.0313
nrw-04May2018-OneLshape-ThreeXPoints.0.0 - nrw-04May2018-OneLshape-ThreeXPoints.1.0	8.7447	0.0178	0.0313
nrw-04May2018-OneLshape-ThreeXPoints.0.0 - nrw-04May2018-OneLshape-ThreeXPoints.1.1	10.4091	0.0339	0.0724
nrw-04May2018-OneLshape-ThreeXPoints.0.1 - nrw-04May2018-OneLshape-ThreeXPoints.1.0	0.0000	0.0000	0.0000
nrw-04May2018-OneLshape-ThreeXPoints.0.1 - nrw-04May2018-OneLshape-ThreeXPoints.1.1	5.7338	0.0143	0.0327
nrw-04May2018-OneLshape-ThreeXPoints.1.0 - nrw-04May2018-OneLshape-ThreeXPoints.1.1	5.7338	0.0143	0.0327
