camera_matrix:
- [666.7866835198992, 0.0, 343.73827808526084]
- [0.0, 665.7910385283918, 227.19081684767283]
- [0.0, 0.0, 1.0]
dist_coefs:
- [0.06063011943935526, -0.01946202093768345, 0.00014555528380045952, 0.0012441018915400838,
  -0.2514393331630404]
rms: 0.442700776065611
